scan_id,probs_model0,target,probs_model1,probs_model2,probs_model3,probs_model4,probs_model5,probs_model6,probs_model7,probs_model8,probs_model9,probs_model10,probs_model11,ensemble_prob,pred_label
29,0.0384433,0,0.54217446,0.24536121,0.01711146,0.00064992026,0.29393646,0.377149,0.0004413398,0.5198114,0.076680355,0.9976624,0.040512476,0.26249448175499995,0
30,0.021577964,0,0.9649788,0.019094149,0.97059476,0.002205071,2.7209553e-05,0.07344162,0.00020621905,0.066091925,0.00314455,0.46840048,0.0027165378,0.21603994045025,0
32,0.019752651,0,0.8112986,0.00973205,0.117123745,0.0028882443,0.00138462,0.032869805,7.7801706e-05,0.14566225,0.12941206,0.8849078,0.017911876,0.1810851252505,0
58,0.9913988,0,0.9967257,0.9745029,0.9668906,0.0011797014,0.00035738572,0.31904313,0.15509395,0.51269984,0.9819155,0.999961,0.023236524,0.5769170859266667,1
59,0.9787475,0,0.8332959,0.09460465,0.12366015,0.012671158,0.02350524,0.9725568,0.10316367,0.0014480788,0.00072249275,0.9999064,0.023684602,0.34733055346249997,1
62,0.13073999,0,0.9906088,0.7444467,0.31698552,0.0005305093,0.00010447979,0.071430944,0.002121257,0.002592853,0.00037335703,0.9966634,0.5208974,0.31479126751000003,0
63,0.4009872,0,0.98588634,0.22880605,0.0053807413,0.0018456348,1.4757631e-05,0.8629784,0.8508659,0.016199095,0.027418058,0.99999654,0.95392287,0.44452513222758333,1
73,0.010382797,0,0.97960347,0.1847142,0.0045470935,0.002240945,5.227279e-06,0.016531836,0.003090306,0.001318575,0.051549293,0.98314685,0.034667365,0.18931649648158336,0
74,0.043008603,0,0.9316489,0.9694355,0.44031826,0.005879998,0.077501394,0.06296059,0.99884003,0.016709058,0.477415,0.9997907,0.2507255,0.4395194610833333,1
75,0.013192214,0,0.99870324,0.10658643,0.008717831,0.054970425,7.085603e-05,0.7617119,0.20409791,0.0024669655,0.22308522,0.0029319865,0.053193633,0.20247738425249998,0
82,0.008643132,0,0.64558107,0.07157226,4.1489893e-05,0.0003413777,5.36648e-06,2.1524549e-05,0.008533633,0.0009161448,0.0032611256,0.0036071779,0.042150617,0.06538957657683332,0
83,0.44743502,0,0.9197216,0.16975696,0.0067075184,0.006308147,3.3141678e-05,0.0068744924,0.39058748,0.0004753887,0.00064375246,0.9870149,0.88050526,0.31800530505316665,0
86,0.99734336,1,0.99464005,0.99977785,0.7243523,0.50975615,0.9961738,0.98010445,0.9987381,0.050294828,0.9999691,1.0,0.92505693,0.8480172431666667,1
92,0.5695255,0,0.9981798,0.63566244,0.20890266,0.024987457,1.5214673e-05,0.9069923,0.03467911,0.87586915,0.85445285,0.9999758,0.13971698,0.5207466051394166,1
93,0.0084508,0,0.90777695,0.8745586,0.029190946,0.0014848482,0.99952805,0.06620422,0.13005218,0.014607377,0.37892708,0.541852,0.083333716,0.3363305639333333,1
98,0.3754876,0,0.9851478,0.55644333,0.0024488159,0.023926387,0.0012605308,0.81062007,0.9286778,0.1424896,0.0025509633,0.999652,0.29827312,0.4272481680833334,1
99,0.27188727,1,0.9152066,0.18044649,0.0006411258,0.03150827,0.060832042,0.035328437,0.0004629781,0.21412499,0.00075730775,0.8057644,0.0027017533,0.2099718053291667,0
100,0.99514765,1,0.99999714,0.9969348,0.9030102,0.36833653,0.028621878,0.9964206,0.99531096,0.9667457,0.9996754,0.9998541,0.99891424,0.8540807665,1
101,0.9710971,1,0.9709519,0.109036215,0.65175956,0.09122324,0.9765687,0.073140875,0.31681094,0.18390143,0.99844104,0.9999987,0.32078186,0.5553092966666667,1
102,0.010696638,0,0.41771147,0.010530269,4.1842413e-05,0.0017594778,1.4168926e-06,0.0005516707,0.000116091134,0.00026402104,9.060207e-07,0.0119993035,0.003032912,0.038058834875025004,0
103,0.97666276,1,0.99279624,0.23591413,0.080337964,0.06236884,0.45198652,0.020671941,0.09762973,0.030302925,0.2556925,0.99993014,0.2989818,0.3752729575,1
104,0.28423,0,0.49681565,0.10220418,0.004534521,0.049210854,1.515215e-05,0.0076741925,0.0025647923,0.0005308523,0.000119455544,0.103724465,0.036267925,0.09065766998283332,0
105,0.86295265,1,0.9948342,0.9743167,0.25726154,0.8312327,0.0047495235,0.9846495,0.99187577,0.99511,0.17476307,0.9986885,0.40994686,0.7066984177916668,1
106,0.99990356,1,0.99988484,0.9998492,0.8231288,0.99506795,0.7403906,0.9995165,0.9998733,0.9993376,0.85007775,1.0,0.99861586,0.9504704966666666,1
107,0.83203465,0,0.99808383,0.8017069,0.0027560454,0.34125888,0.1478464,0.53016675,0.8345232,0.014874902,0.36311722,0.097001895,0.07135424,0.41956040936666666,1
112,0.009883556,0,0.44992673,0.2093395,0.00011730015,0.08034665,0.5618472,0.022988291,0.00029573427,0.0016415243,0.13119161,0.0001464768,0.037553355,0.12543982729333333,0
113,0.010872544,0,0.52073216,0.0029744683,0.00020880223,0.0026869029,1.2778004e-07,4.7396225e-05,9.340536e-06,0.00028434573,6.100769e-05,0.37349862,0.0083101895,0.07664049207425333,0
114,0.023823505,1,0.8604016,0.9707206,0.005233065,0.011103239,0.35730505,0.001931757,0.00041449608,0.07154194,0.73280245,0.83259857,0.12599233,0.33282238350666665,1
115,0.016350195,0,0.954208,0.023600115,0.017072774,0.02509772,4.1687323e-05,0.0013427153,0.004516299,0.03276472,0.959302,0.017130885,0.02184815,0.17277293838524999,0
116,0.008908323,0,0.42584455,0.002077917,0.0003185834,0.00039343978,0.00024276321,3.8951574e-05,1.9853918e-05,0.0005061071,0.0009941477,4.520757e-06,0.001130156,0.03670660945325,0
152,0.0147370165,0,0.37653932,0.11306534,0.14137438,0.0038419801,0.0056853057,0.1304767,0.003706934,0.00067190826,0.00050203345,0.0008280993,0.019123334,0.06754602927583334,0
153,0.087830216,0,0.9979386,0.21486676,0.015860599,0.9176578,8.917676e-06,0.92699975,0.5159284,0.39449129,0.8581451,0.25904182,0.10665283,0.4412851735563333,1
171,0.85353136,1,0.9997651,0.08096738,0.9172545,0.9032882,0.3112934,0.70667344,0.9876637,0.5914298,0.99071956,0.99985063,0.039535396,0.6984977054999999,1
172,0.015518997,0,0.7235538,0.12733264,0.0023231602,8.263368e-05,0.0010412654,4.133658e-05,0.00630438,0.0034406732,0.00096877216,0.971323,0.009574012,0.15512538918500002,0
173,0.18693025,0,0.9848518,0.08806733,0.012354112,0.014497803,3.632332e-07,0.000636702,0.0018664775,0.0006700822,0.00081405137,0.9999975,0.08586749,0.1980461634419333,0
174,0.9688511,0,0.995581,0.9999392,0.99966383,0.97470075,0.99991286,0.96449685,0.97453284,0.9935781,0.9993548,1.0,0.98542124,0.9880027141666666,1
175,0.68432003,0,0.9751178,0.7311399,0.9996631,0.09943554,0.041950393,0.010061716,0.051328186,0.6497627,0.97826916,0.99999964,0.09059899,0.52597059625,1
184,0.045040205,0,0.63217276,0.09427112,0.19733116,0.0037613483,0.2895861,0.1037645,0.0003983756,0.020837136,0.18684667,0.17932732,0.028359663,0.14847469649166667,0
185,0.025532221,0,0.8969192,0.03028022,0.022677226,0.016928993,1.5195287e-05,0.0015098148,0.026363637,0.0041133305,0.00015300246,0.06691495,0.11422468,0.10046937250391667,0
199,0.017620001,0,0.15086737,0.001117063,0.0007402714,7.153632e-05,4.4063627e-06,0.0035841507,2.9470715e-05,0.0012155484,0.00025709544,0.0005352249,0.0013152864,0.014779785386475,0
200,0.50201434,0,0.17852277,0.06310241,0.3589359,0.026652483,0.00044691627,0.104690135,0.00088810996,0.021706805,0.00032193892,0.04064778,0.017266365,0.1095996627625,0
201,0.031771198,0,0.9779303,0.892734,0.027126212,0.003339772,0.002299314,0.33944467,0.04054935,0.16824873,0.26889715,0.103730276,0.06750506,0.24363133599999998,0
202,0.21571428,0,0.9905398,0.26753217,0.78041065,0.0067382203,0.015259797,0.8164269,0.84591043,0.0008354142,0.016116772,0.020929376,0.08897234,0.3387821791249999,1
203,0.009463321,0,0.38308114,0.015800435,0.01689141,0.00047765396,0.00014043527,0.0050591147,0.00085420354,0.026991744,0.00048067648,0.00028982022,0.0010060128,0.0383779972475,0
211,0.04299191,0,0.95528424,0.04941007,0.00043009518,0.004656445,1.2350641e-05,0.0016131327,2.7736805e-05,0.0010483834,0.00061873073,0.0020116295,0.09605551,0.09618001949633331,0
212,0.05430201,0,0.89518464,0.9218042,0.013794936,0.012839755,0.9584561,0.012404108,0.023739127,0.006396168,0.16447492,0.2505513,0.8401381,0.34617378033333335,1
213,0.013601488,0,0.95021766,0.2929255,0.00012545206,0.000887514,0.00010862416,0.07141458,0.00031905697,0.0026944831,0.0009791295,0.0020430835,0.0021747828,0.11145761284083333,0
226,0.18711458,1,0.5664144,0.11818657,0.015280949,0.013688771,3.4587454e-06,0.69282097,0.0322084,0.014063548,0.9843233,0.99115855,0.70240337,0.35980557222878334,1
227,0.10429296,0,0.9765336,0.0067635756,0.016766489,0.080782585,1.4750589e-06,0.6857075,0.07671815,0.0024516059,0.04050336,0.8724075,0.030961893,0.241157557796575,0
228,0.03182795,0,0.8722254,0.24751228,0.0010621722,0.0011034223,1.1181983e-05,0.16349383,0.93683165,0.011803684,0.0019019118,0.09610841,0.13414462,0.20816887602358333,0
234,0.2646471,0,0.8675448,0.76082325,0.008247775,0.0471058,0.00044741714,0.0061133783,7.527742e-05,0.1773828,0.13019389,0.999998,0.1227221,0.28210846565500003,0
235,0.23981138,0,0.92927414,0.45068246,0.70355207,0.003024178,0.00022440223,0.2047159,0.034566063,0.02853197,0.07482822,0.9999751,0.19379458,0.3219150386025,0
265,0.014940663,0,0.6746504,0.02553983,0.0022123535,0.030815272,2.60548e-06,0.00027812348,0.0014316174,0.049193896,9.37013e-05,0.00032414432,0.027869927,0.06894604445666667,0
266,0.0082027735,0,0.09930674,0.048639663,0.041594476,0.007322872,1.1529387e-05,0.00049614446,0.0011172359,0.019846153,6.9553345e-05,0.0019552228,0.028714152,0.021439709616,0
269,0.023646947,0,0.78740644,0.0032221016,0.0044965097,0.004159942,4.810479e-08,0.05781535,0.00013079464,0.009316651,0.00059561426,4.7497582e-05,0.007431851,0.07485581224056585,0
270,0.95260704,1,0.9926461,0.838613,0.99532735,0.47508892,0.0010740147,0.8885281,0.15364616,0.82693195,0.99971634,0.9999993,0.104327075,0.6857087791416667,1
289,0.0066439915,0,0.80452657,0.21107072,0.018159324,5.6890443e-05,5.585205e-05,0.00010220947,0.00041767556,0.011067682,0.025888678,0.021452652,0.039859246,0.09494179091858335,0
290,0.04003506,0,0.34596592,0.020144105,0.0021165272,0.00020673584,9.665827e-05,0.03448394,0.003172063,0.007848173,0.034650158,0.27646556,0.031103577,0.06635737310916666,0
291,0.0068201264,0,0.51652205,0.0034156211,0.00020267868,0.004854475,3.29692e-06,0.0004183322,0.00010074647,0.0022626529,0.0008930047,0.001262775,0.0047864504,0.045128517480833345,0
292,0.0065418086,0,0.38312417,0.020497352,0.11453686,0.00013932075,2.9401772e-06,2.082517e-05,0.010232624,0.0011862748,0.00025216962,0.064847104,0.021819992,0.05193345342643333,0
293,0.013226481,0,0.318461,0.0014233956,0.0022264177,0.0014970967,9.3140414e-08,0.019966621,0.0007868899,0.0019577043,4.32686e-06,4.9642673e-05,0.0025811573,0.030181735514451163,0
303,0.017547026,0,0.58373386,0.31853792,0.041009963,0.006130908,0.0005175805,0.009769325,0.026603257,0.012508494,0.52013797,0.91842616,0.14255323,0.21645630779166666,0
304,0.018154066,0,0.9998547,0.07804978,0.34617716,0.4546309,0.4020385,0.02507237,0.33956823,0.14472096,0.4112091,0.9999949,0.39079115,0.3841884846666666,1
305,0.006400609,0,0.86250323,0.034469116,0.005092807,0.0013485233,0.01973618,0.052099083,2.5264182e-05,0.0018616918,0.5878165,0.88220114,0.0044859927,0.20483667808183334,0
306,0.009598563,0,0.98211724,0.046603885,9.796087e-05,0.0036829645,0.8858659,0.0318521,0.0005361703,0.075717516,0.0033289413,0.9999162,0.016851027,0.2546807056641666,0
340,0.9999995,1,0.99999,0.9999864,0.999951,0.9972806,0.99615115,0.9231201,0.9999429,0.999998,0.9999995,1.0,0.9985733,0.9929160375,1
341,1.0,1,0.9999962,0.9999734,0.99999905,0.9999175,0.97990006,0.99986184,0.999995,1.0,0.9999982,1.0,0.9992231,0.9982386958333334,1
343,0.006340102,0,0.7865043,0.0034735496,0.00036840994,0.00016940058,2.8892393e-05,0.12622486,0.20719953,0.0150233265,0.013236778,8.824678e-05,0.0045993268,0.09693806021608332,0
344,0.0069904337,0,0.27996182,0.0044900347,3.1876152e-05,6.5651126e-05,1.8341354e-05,0.00040542192,1.0646352e-06,0.0030147717,4.7293102e-05,0.0049877046,0.00081620796,0.025069218412433324,0
345,0.20912078,0,0.9817941,0.1827788,0.0011875933,0.00062382966,0.000104571,0.2485423,0.00011919077,0.08127004,0.031497475,0.000103197526,0.033744603,0.14757387335466665,0
346,0.0139481025,0,0.23723304,0.003471761,0.0027686737,5.482352e-05,0.0021896719,0.04297318,3.2497734e-05,0.02371423,0.0013368909,0.8189389,0.0012037525,0.09565546031283334,0
353,0.75461096,0,0.966457,0.11260341,0.008445914,0.04553167,1.0292783e-06,0.31234014,0.007750405,0.0033510858,0.016404517,0.0029995677,0.042300925,0.1893997186481916,0
354,0.027341058,0,0.430758,0.026191363,0.015587369,0.0003913887,2.301856e-06,0.019739905,0.015206156,0.007764962,0.00059650105,0.41010144,0.028344316,0.08183539671716665,0
355,0.18561858,0,0.9927476,0.015113223,0.007907905,0.025126942,6.954738e-06,0.032261517,0.011257976,0.0071495413,0.0011581393,0.06455934,0.014857479,0.11314709977816666,0
357,0.98237395,1,0.99940753,0.99974257,0.99913824,0.82040864,0.016193314,0.9960288,0.9995413,0.6835772,0.9867013,0.9999895,0.9977385,0.8734034036666668,1
358,0.008444222,0,0.64927614,0.01850574,0.0028714286,0.0014376089,3.3440065e-05,0.002139176,0.0011794037,0.016474849,0.00010067866,0.000429897,0.019780308,0.06005607432708332,0
360,0.0089144,0,0.6252834,0.03644894,0.0011339092,0.0028741523,0.00077976956,0.0007479403,0.00012373156,0.0047720918,2.4451201e-05,0.0044330703,0.0017556053,0.05727428846008334,0
380,0.8420745,0,0.95771694,0.32213363,0.10652564,0.22282903,0.00069749216,0.76517344,0.7458399,0.9458844,0.040805954,0.99999857,0.9834131,0.5777577163466666,1
396,0.007257083,0,0.88217795,0.0031801127,0.0011912322,0.0063388497,2.8592133e-06,2.974112e-06,5.747177e-05,0.0018437225,0.00033874455,0.0030176325,0.02257873,0.07733228018710833,0
397,0.008360268,0,0.925781,0.01307337,0.0007029665,0.00090492005,6.4518235e-06,9.467247e-05,0.0058934814,7.80374e-05,0.0005759043,2.9102031e-05,0.016523326,0.08100195833120832,0
430,0.1372498,0,0.61202896,0.014968431,0.000113895054,0.0024600541,1.6056996e-06,0.0005063644,0.00013140317,0.0007821077,0.00047270165,0.09851148,0.11578347,0.08191752273113333,0
431,0.013670864,0,0.9716461,0.8085357,0.024963202,0.009115726,8.302624e-05,0.00052254595,0.0720266,0.002865376,0.14812224,0.48384222,0.013321569,0.21239293076583332,0
432,0.77287984,0,0.57322353,0.8775389,0.035158016,0.010597614,0.0027781334,0.36444736,0.9609893,0.9875365,0.9995634,0.9999944,0.49992567,0.5903860552833332,1
448,0.8634841,0,0.99951017,0.76838917,0.008384084,0.26438692,1.3310171e-06,0.22174805,0.00018186147,0.030831667,0.07551264,0.9786436,0.0017564746,0.35106917234059165,1
449,0.012335653,0,0.956708,0.042163827,5.5666213e-05,0.001071324,2.2063594e-05,0.12786743,0.035379574,0.16301867,0.011636871,0.77454513,0.0038530384,0.17738810393391669,0
450,0.08842843,0,0.9666558,0.827046,0.015968207,0.0042619705,0.0008068914,0.056039073,0.328872,0.120797455,0.14340489,0.9994697,0.1397551,0.3076254597416666,0
451,0.018217416,0,0.88539684,0.0072309254,0.0019852086,0.0001073514,1.4889207e-06,0.22042476,0.00014811235,5.929788e-05,8.437366e-05,2.2316951e-06,0.0016331545,0.09460759670048331,0
462,0.004229687,0,0.26637325,0.00964047,6.8049354e-05,1.4625846e-05,1.7709612e-05,1.21302555e-05,4.7473986e-05,6.356467e-05,5.863436e-05,0.00028316595,0.0028512392,0.02363833335279167,0
483,0.024145955,1,0.8785891,0.031913277,0.015857628,0.00014472267,8.5928116e-07,0.15912537,0.09528079,0.029895639,5.3830445e-05,0.9005166,0.02677116,0.18019124428301334,0
484,0.021881074,1,0.9643844,0.978243,0.0016483056,0.00019116409,3.49604e-06,0.0056001283,0.010872887,0.0010633022,0.008078772,0.99342173,0.38769615,0.2810903674358333,0
485,0.008097709,0,0.2907426,0.92383546,0.48962113,6.857114e-05,2.3152965e-05,0.08543145,0.0018130539,0.06832816,0.0007213678,0.98802584,0.1167475,0.2477879995670834,0
494,0.07415067,0,0.959056,0.08401993,8.768578e-06,0.0003133654,1.8528553e-07,0.0009939517,3.317526e-05,0.00033335792,6.5290265e-06,0.48331326,0.012983267,0.1346010383475025,0
495,0.01168304,0,0.9052943,0.2466405,0.0006287684,0.0016237932,1.5242192e-06,0.0056466293,0.0028808536,0.027773824,0.001584655,0.96371037,0.01579415,0.1819385339766,0
505,0.00546182,0,0.8484604,0.0019255761,0.43065292,0.014792481,0.0003271118,0.002516986,0.012369633,0.42186338,0.08148902,0.017283745,0.032545183,0.15580735465833334,0
506,0.21296944,0,0.999653,0.7769868,0.0021187842,0.0031461003,0.0128673585,0.023437388,0.00034240802,0.0028061366,0.51994115,0.99337244,0.26848727,0.31801068963499995,0
510,0.0112087205,0,0.933036,0.24716842,0.00021119957,7.657691e-05,8.588518e-07,0.0004857231,3.61266e-05,0.0009391807,0.007550138,0.00021387512,0.0028751555,0.10031683123764999,0
515,0.026496796,0,0.5859891,0.98564446,0.9976471,0.00028870828,0.30785635,0.20202576,0.042722046,0.24769269,0.22849648,0.9998379,0.015333545,0.38666924460666663,1
516,0.073812656,0,0.9946956,0.396184,0.019135104,0.0065159886,0.5163835,0.75329316,0.011633761,0.11842814,0.6467817,0.9999995,0.13138063,0.38902031163333334,1
517,0.011123163,0,0.39394018,0.06779262,0.00048444507,5.301802e-05,7.4589326e-07,0.00069802743,0.00027003724,0.00032224538,0.00048108323,0.018040258,0.004311452,0.041459772938605,0
518,0.018595938,0,0.9996313,0.009208978,0.0048934845,0.0056164027,0.14685497,0.00012827273,0.9611877,5.597773e-05,0.40154237,0.9095224,0.004082992,0.288443398805,0
519,0.94919354,0,0.99859256,0.18057318,0.0015701372,0.005409044,0.001734444,0.05083745,0.3660414,0.013840934,0.0006492538,0.9986394,0.12675387,0.3078196010833333,0
520,0.99660957,1,0.9878243,0.9999974,0.99847823,0.9853564,0.46127078,0.7994503,0.01212475,0.9686515,0.9891577,1.0,0.9986167,0.8497948025,1
521,0.9999386,1,0.9999933,0.99998283,0.9997342,0.9981881,0.99555236,0.99556017,0.999752,0.99987173,0.9998871,0.99999917,0.9864194,0.9979065800000001,1
522,0.9988446,1,0.5133374,0.9951989,0.99736375,0.9745806,0.99997056,0.9417478,0.9998504,0.47319248,0.9999894,1.0,0.9969848,0.9075883908333333,1
523,0.0063747275,0,0.12550043,0.07152331,0.004244176,0.0008110405,1.4077329e-05,0.008472098,0.00023108369,0.021570865,0.0006009762,0.0173175,0.028462537,0.023760235101583333,0
524,0.009234849,0,0.55047834,0.0026563217,0.002551745,0.13339368,4.8318547e-05,0.39883015,0.00034444203,0.017787587,0.0018638542,5.7261645e-05,0.000516399,0.09314691234349999,0
525,0.018502332,0,0.8336568,0.021649003,0.10052932,0.0044059344,3.909893e-07,0.05386413,0.00499348,0.00016244028,0.0007898724,0.90933156,0.0038069603,0.16264101861410832,0
526,0.11640079,0,0.37736508,0.058576334,0.058507483,0.0029374477,4.9199895e-07,0.00620477,0.018857975,0.0029923792,0.019197451,0.5577069,0.0070697367,0.10215140321657917,0
541,0.04611847,0,0.24406172,0.45861322,0.01946631,0.0006522335,0.081898145,0.06436662,0.005722607,0.09091477,0.4113171,0.4167254,0.07057319,0.15920248212500002,0
542,0.06516958,0,0.85043806,0.19265106,0.001920727,0.00025344087,0.00013572615,0.0038450267,0.0012502745,0.0837751,0.048439924,0.030744173,0.06989793,0.11237675185166664,0
548,0.06089523,0,0.52218056,0.0027630595,0.9428052,0.0008093355,0.005765806,0.008838373,9.0980255e-05,0.0015161559,0.0043144934,0.9211142,0.0042330264,0.20627720166291666,0
549,0.8799,0,0.9984421,0.89181805,0.98416454,0.2750104,0.055010047,0.4643274,0.98499596,0.9779349,0.79516023,0.99996376,0.21645859,0.7102654980833334,1
550,0.99943453,1,1.0,0.9999716,0.9997582,0.99404514,0.99999213,0.9999435,0.9999815,0.95144004,0.9999851,1.0,0.998923,0.9952895616666666,1
551,0.008423212,0,0.9960342,0.9550375,0.0041046655,0.0007095467,0.0006531003,0.12243104,0.02949764,0.0059566707,0.1865101,0.9581561,0.12079739,0.2823592637666667,0
560,0.9978319,1,0.99999654,0.9996996,0.9999305,0.99402916,0.99999654,0.99981433,0.99980205,0.99999595,0.9999963,0.9999999,0.99696594,0.9990048925,1
561,0.7657484,1,0.9993839,0.5942653,0.9922889,0.03476654,0.75810516,0.9974241,0.9903267,0.706695,0.9992717,1.0,0.023052843,0.7384440452500001,1
562,0.9940726,1,0.986026,0.9989229,0.9999825,0.57297283,0.996673,0.99697506,0.9999571,0.9999317,0.99739695,1.0,0.9945644,0.9614562533333334,1
563,0.99964,1,0.985629,0.99999917,0.9998375,0.7813132,0.998317,0.99574065,0.9999678,0.9503321,0.99997544,1.0,0.9989796,0.975810955,1
581,0.039787572,0,0.5994103,0.10221843,0.096255995,0.0012661718,0.12696443,0.0205576,0.0010306637,0.002472601,0.00063849817,0.004998242,0.019584656,0.08459876330583332,0
582,0.05165702,0,0.93054074,0.040079672,0.09206471,0.119449735,0.00041172953,0.051140923,0.0045212964,0.12551914,0.73249555,0.45820296,0.029711368,0.21964957032750002,0
584,0.015456498,0,0.9937262,0.78558385,0.011526336,0.00073119806,9.2526425e-05,0.34228587,0.004320508,0.0050334022,0.80344594,0.9999571,0.004045623,0.3305170876404167,1
585,0.2856691,0,0.9891053,0.57561547,0.2976453,0.36721066,0.005037488,0.94161373,0.0014870543,0.14272311,0.0075019556,0.99808735,0.003057981,0.3845628749083334,1
604,0.74803555,1,0.9964976,0.48068067,0.5998799,0.93492043,1.8907613e-05,0.698465,0.8939024,0.75084955,0.99563783,0.9406739,0.59868294,0.7198537231344165,1
618,0.017374817,0,0.343337,0.27608356,0.029068394,0.0006246179,0.00022364887,0.027540931,0.28919736,0.022083601,0.023699475,0.39930102,0.031019764,0.12162951573083335,0
619,0.03632102,0,0.9004138,0.9982998,0.005504411,0.33566824,0.0003066723,0.030336058,0.46538964,0.26822916,9.337573e-05,0.98968863,0.7455432,0.3979828339191667,1
646,0.98374987,1,0.99971443,0.9872822,0.24319935,0.9947732,0.97112894,0.9899643,0.9456219,0.90772694,0.8525455,0.91628134,0.99297017,0.8987465116666665,1
647,0.4528512,1,0.998292,0.19133814,0.00087441516,0.41328037,0.01813573,0.95875275,0.22152528,0.00441027,0.22396964,0.9764881,0.28347462,0.3952827095966666,1
648,0.011403987,0,0.88670653,0.008337229,0.0010212318,8.899755e-05,1.3723844e-06,0.00031709313,3.4702127e-05,0.009568921,0.00017980857,5.8736437e-05,0.010408614,0.07734393524986667,0
660,0.0045977817,0,0.3087622,0.0053466856,8.012116e-05,0.00024274655,2.620144e-06,0.00019614375,1.678921e-06,0.0017218777,9.3339055e-05,0.00014835785,0.00036462967,0.026796515174999997,0
661,0.01700077,0,0.99682343,0.116260976,5.5013148e-05,0.0004831635,0.00020643389,0.62134755,1.1170908e-05,0.04694346,0.0011928753,0.8372971,0.014094326,0.2209763557288333,0
663,0.9987179,0,0.9655673,0.4375605,0.008266674,0.02863574,0.0013691807,0.0009776554,0.01247598,0.806968,0.00095579575,0.99954164,0.39642954,0.3881221588208333,1
664,0.1344583,0,0.91524065,0.16511275,0.023671493,0.0005659725,3.0943454e-05,0.00031465778,0.0005743256,0.034802366,0.0023250245,0.13480933,0.019571383,0.11928976631949999,0
665,0.023032656,0,0.99900764,0.42972663,0.13763115,0.75009483,0.16055274,0.0006216757,0.30992863,0.6634956,0.6233515,0.9953969,0.93810743,0.502578948475,1
666,0.97272915,0,0.96682656,0.968113,0.62851924,0.14174175,0.92138004,0.115377486,0.114757486,0.09329062,0.9968272,1.0,0.2932193,0.6010651526666667,1
667,0.033634264,0,0.19818307,0.120383225,0.00020944209,0.0018595593,1.2862864e-05,0.0008031716,5.0817525e-05,0.0016742924,2.4240251e-05,0.0059207915,0.0023473105,0.030425253919166662,0
676,0.008385638,0,0.19831352,0.117528506,0.0015090593,0.0055279224,7.120698e-05,0.052530788,0.008036928,0.00075324555,5.6927503e-05,0.0014512567,0.0020270408,0.03301600326941667,0
677,0.021237023,0,0.38130522,0.096155725,0.048269395,0.016395986,0.0017294455,0.39770073,0.010584826,0.018635286,0.0029184932,0.0006712941,0.021807646,0.08478425581666667,0
684,0.010043404,0,0.17138372,0.022394745,3.2402208e-05,0.0019318148,1.3811281e-05,0.17479128,0.0014759775,0.0016402369,0.0033363376,0.029704066,0.009512498,0.03552169110741666,0
685,0.023500308,0,0.622367,0.3118874,0.001986093,0.00014103524,0.063593864,0.14359978,0.008697691,0.00735848,0.0064706625,0.9513873,0.0051701632,0.1788466480783333,0
689,0.011409423,0,0.84489393,0.9867688,0.0008751245,0.0021928758,0.0007327677,0.14807926,0.00059939816,0.0069698193,0.23216717,0.9966845,0.017373124,0.2707288493716667,0
694,0.11523336,0,0.99822825,0.14045337,0.0060383053,0.006113941,0.0041236985,0.04334856,0.00062319497,0.003175927,0.13482854,0.92578465,0.006535991,0.19870731564749997,0
695,0.07500384,0,0.5734794,0.046835717,0.00016042676,0.0018964831,0.00025711846,0.06639569,0.00045846144,0.2122371,0.016672434,0.97962165,0.022029234,0.16625396289666666,0
716,0.98392767,0,0.9941499,0.8193673,0.99652135,0.6740742,0.11858488,0.9974746,0.02360788,0.49769974,0.9977701,0.9999999,0.86740494,0.7475485383333335,1
717,0.22307834,0,0.9792175,0.47959152,0.051688083,0.2805624,0.7502948,0.7490869,0.00042058382,0.019540137,0.64682996,0.9999765,0.1414857,0.4434810353183333,1
718,0.7531483,1,0.9987388,0.6360925,0.39010122,0.23232512,0.0065309396,0.8233969,0.15136676,0.011148092,0.9983924,0.99995315,0.19702089,0.5165179226333334,1
719,0.4324912,0,0.8637199,0.4676939,0.7679591,0.009631074,0.014294171,0.0012473002,0.009164313,0.013741759,0.97190756,0.9995159,0.1919802,0.3952788647666667,1
720,0.9999324,1,0.99807453,0.9982436,0.9993523,0.99933356,0.16041991,0.8752091,0.99957913,0.96784693,0.9998723,1.0,0.999113,0.9164147300000001,1
721,0.1704096,1,0.7532546,0.4519039,0.0006926282,0.46155697,1.4897403e-06,0.148026,0.0014761335,0.7490917,0.0009633133,0.46032384,0.069724835,0.2722854174783584,0
722,1.0,1,1.0,0.99996495,0.9999987,0.9999969,0.99999917,0.9999994,1.0,1.0,1.0,1.0,1.0,0.9999965933333334,1
723,0.054894153,0,0.9803674,0.59719354,0.03012533,0.45441192,0.00032162323,0.026215894,0.7234904,0.456314,0.2873668,0.99998677,0.1221253,0.3944010941858333,1
745,0.16321003,0,0.8814776,0.9558481,0.022710972,0.0005972408,0.07438256,0.0050712074,0.0017204242,0.71056724,0.9986626,0.99984074,0.08852583,0.4085512120333333,1
746,0.012942798,0,0.89010286,0.07770633,0.27814847,0.0015450758,1.8451688e-06,0.018758029,0.013521447,0.0010883833,0.0009414084,0.9999399,0.35010242,0.22039991388906666,0
747,0.011441215,0,0.8503662,0.058982935,0.0108168,0.0003473319,9.811316e-05,0.005149258,0.0014022767,0.013036028,0.010687666,0.03452915,0.0030535706,0.08332587869666666,0
748,0.019571394,0,0.99878067,0.036678545,0.8442745,0.03419247,0.010600863,0.9324519,0.59590364,0.57100403,0.40283957,0.0059439475,0.37994757,0.40268242495833334,1
749,0.009723488,0,0.9274464,0.0023994572,0.0027747883,0.0028873535,0.0046795034,0.0011178753,0.05934797,0.0030402956,6.9981e-05,0.018783236,0.013782332,0.08717105669166665,0
751,0.019390857,0,0.5680991,0.027777363,0.00494209,0.0006858756,0.0003546615,0.014972376,0.0007071486,0.0104158465,0.015475078,0.21995547,0.020049274,0.07523542835000001,0
752,0.084807694,1,0.986679,0.04345635,0.14511427,0.0070578177,0.9997483,0.0052939863,0.023324586,0.43316635,0.64220583,0.89110154,0.06786876,0.36081870699999996,1
753,0.008825112,0,0.47859675,0.17954244,0.104808316,5.2382886e-05,0.00029739487,0.38619894,7.049681e-05,0.009953983,0.74766797,0.009699944,0.01072162,0.16136961246383333,0
755,0.16344255,1,0.9985268,0.809433,0.93505675,0.26753747,0.9795181,0.8496991,0.18328565,0.9898857,0.9903106,1.0,0.08619225,0.6877406641666667,1
756,0.21378578,0,0.93965834,0.05924466,0.007875939,0.000113689006,0.111284345,0.0018878226,0.0020656914,0.010383879,9.556908e-05,0.043663196,0.017735312,0.11731618525716668,0
763,0.9999782,0,0.9996197,0.99944896,0.8754489,0.07174443,0.00057494343,0.98561966,0.038478892,0.9996841,0.9678974,1.0,0.9916672,0.7441801987858332,1
764,0.26181152,0,0.987762,0.9508036,0.6400093,0.008846628,0.0019164062,0.7460881,0.006333761,0.18558142,0.51448685,0.9998293,0.22320741,0.4605563579333333,1
765,0.8264995,0,0.9980081,0.95423096,0.3571501,0.7415035,0.99861574,0.39890817,0.7683702,0.5374014,0.992226,0.9997254,0.3557489,0.7440323308333334,1
766,0.9968888,0,0.9999107,0.99964154,0.98547065,0.1465464,0.9992907,0.9933675,0.9933541,0.99125636,0.96929145,0.9999999,0.9854569,0.9217062500000001,1
770,0.039808873,0,0.42925814,0.017423028,0.0002630489,0.00019523935,8.960574e-06,0.0029449766,0.06684973,8.478807e-05,6.768906e-05,0.043075662,0.018840488,0.05156838529616667,0
771,0.017605545,0,0.9939428,0.2266429,0.58889043,0.00371362,8.5172425e-05,0.008187202,0.00462224,0.0030416125,0.796326,0.006654394,0.006542165,0.22135450674374998,0
772,0.02268453,0,0.971863,0.7071564,0.017888874,0.00024780707,7.793754e-06,0.025243422,0.00067552115,0.00484023,0.05006862,0.8198126,0.29414743,0.2428863523311667,0
781,0.2509315,0,0.6617615,0.004991393,0.031341035,0.026266197,9.569459e-07,0.59308726,0.000343538,0.012344592,0.0005546818,0.06313614,0.09266416,0.14478524614549165,0
782,0.539177,0,0.7666528,0.0147944,0.18493684,0.087037206,6.997603e-07,0.14130929,0.0018001271,0.008674739,0.00027809036,0.8462295,0.1746746,0.23046377435169163,0
789,0.7580561,1,0.9988506,0.16221261,0.86998,0.25890273,0.12177466,0.6813134,0.07089179,0.00039141125,0.6939023,0.94733757,0.07921668,0.4702358209375,1
790,0.023043694,0,0.90674275,0.0069921487,0.00013052326,0.028289774,1.5559986e-05,0.051954146,0.032099884,0.0033786127,0.00049166096,0.8711885,0.029284487,0.16280097838383334,0
791,0.010983213,0,0.12397247,0.0128743965,0.006304672,0.0005392064,0.00013568682,0.018925685,0.0010018578,0.054596953,0.0004533763,6.756621e-05,0.019751592,0.0208005562525,0
792,0.010809839,0,0.074654676,0.0055548954,0.009932057,0.00021570474,9.292095e-05,0.083689965,0.0003080178,0.0009766298,0.006951332,0.0029126198,0.09422099,0.0241933039575,0
794,0.10462726,0,0.93829954,0.93293,0.071351446,0.010994583,0.0009510638,0.014374761,0.0036411432,0.016994014,0.9990977,0.99993205,0.29110873,0.3653585242500001,1
795,0.007849435,0,0.8695438,0.010798409,6.332128e-05,0.003180997,3.1318688e-08,0.018857507,0.00015462148,0.0029900132,0.00042367828,0.3235765,0.0024820205,0.10332669450489067,0
796,0.010069675,0,0.65031934,0.050089285,0.0010927063,0.012217584,0.00757452,0.0047267135,0.00026606733,0.0007967828,0.015539562,0.999373,0.016923986,0.14741576849416665,0
797,0.0051763724,0,0.82630724,0.0013436166,3.512946e-05,0.0039684116,7.384223e-05,0.00024753597,9.371085e-06,6.542245e-05,2.5962529e-05,2.7072813e-06,0.0012554682,0.06987592331710833,0
798,0.01516545,0,0.92492366,0.7052021,0.23481718,0.0061515667,0.0028615694,0.014385615,0.0024088214,0.0005328572,0.035164967,0.75780904,0.06889219,0.23069291805833336,0
799,0.025755672,0,0.8746435,0.017151562,0.0021717916,0.0011939304,0.006937547,0.0037588943,0.00096948043,0.00049000356,0.0069517465,1.6125181e-05,0.0064177173,0.07887149752258334,0
804,0.007114409,0,0.6072147,0.032268513,0.010551594,0.0006772471,4.8078014e-06,0.00038530346,0.057498187,0.0032215915,0.17945375,0.99947816,0.043658618,0.16179390673845,0
805,0.014862288,0,0.79226303,0.17487082,0.0032355417,0.0008577662,2.8899145e-05,5.5447832e-05,0.005047169,0.2039714,0.0008999613,0.99929464,0.04217664,0.18646363359808335,0
806,0.011557914,0,0.9995553,0.66156054,0.027903406,0.6230466,0.77839595,0.7240082,0.3121757,0.1776082,0.6212741,0.12183468,0.0553167,0.42618644083333335,1
807,0.01421591,0,0.6593536,0.07306377,0.0014205126,0.0010454267,5.9993977e-07,0.28410622,0.38858882,0.0024566036,0.002867179,8.261194e-05,0.0030217872,0.11918525341498083,0
808,0.999936,1,0.9999999,0.99998236,0.9998503,0.99800164,0.42293945,0.99994123,0.9999999,0.9969862,0.9999703,1.0,0.98941773,0.9505854174999998,1
810,0.015878282,0,0.4838118,0.0008761617,0.0005260625,0.009378262,2.9300764e-07,0.6420478,0.0036303147,0.0015101891,5.6199064e-05,1.3070108e-05,0.003991285,0.09680997659830332,0
811,0.17392878,0,0.99146676,0.93799704,0.047988947,0.050645836,0.0058291657,7.679424e-06,0.1958255,0.02053522,0.021688692,0.72583365,0.47349843,0.3037704750103334,0
812,0.02422581,0,0.31820273,0.9772838,0.0026492344,0.0005319326,7.2393636e-06,0.00010441963,0.00034293885,0.0025543554,0.00057694595,0.99995184,0.015262634,0.1951411566828,0
813,0.8842321,0,0.99702495,0.11265228,0.0060808933,0.23369925,0.005550127,0.0062843845,0.025795693,0.45236087,0.3691784,0.99997497,0.17459032,0.35561868648333333,1
814,0.69852996,0,0.99666095,0.518182,0.078901045,0.22486764,0.4791911,0.36254913,0.006095392,0.9768083,0.98843294,0.99319434,0.016975177,0.5283656645,1
815,0.073704846,0,0.8744724,0.40706742,0.38696048,0.14048976,4.21405e-05,0.013082811,0.0012576545,0.7709614,0.9988605,0.8469134,0.062138993,0.38132931708333334,1
824,0.751288,0,0.92447627,0.9486039,0.9299987,0.0046728365,0.31189194,0.38750243,0.99574834,0.9966793,0.999684,0.9999993,0.063997686,0.6928785585416667,1
825,0.061566606,0,0.9627995,0.40152064,0.05445477,0.0014324235,0.977089,0.46985427,0.9957237,0.71180665,0.99192786,0.9999702,0.038130354,0.5555229977916666,1
826,0.42614135,0,0.99949336,0.2680733,0.37124062,0.91455954,0.12606399,0.8717983,0.0078122774,0.9908421,0.23020834,0.99850166,0.11189041,0.5263854372833333,1
829,0.012554948,1,0.925122,0.20692065,0.0030991328,0.00020158151,0.010852465,0.0020028036,0.0027924147,0.0068909624,0.0016942307,0.99300414,0.17357107,0.19489219989249998,0
830,0.36203778,1,0.35052738,0.31846648,0.0032587969,0.00018755368,0.0030764428,0.0100726755,0.001453795,0.009208913,0.58494246,0.9999484,0.06793867,0.22592661224000002,0
831,0.048414834,1,0.6456326,0.285942,0.0013433094,0.00033345039,0.00022548836,0.00942706,0.0004158946,0.002418095,0.0020990197,0.9751218,0.008801295,0.16501457053750002,0
845,0.018454386,1,0.91959095,0.30821234,0.5494978,0.0042147315,0.07671021,0.50644666,0.0058503877,0.0031019582,0.81007665,0.99990666,0.15556121,0.3631353286166667,1
846,0.90316653,0,0.99997663,0.98696333,0.48039407,0.9932488,0.8815693,0.99999404,0.98518825,0.8832778,0.9909541,0.9696698,0.875266,0.9124723874999999,1
851,0.9964886,1,0.9999877,0.99933964,0.998648,0.99816656,0.35918525,0.9997203,0.9999957,0.99984026,0.9981515,0.9999987,0.99247557,0.945166481666667,1
852,0.9991247,1,0.99988914,0.98896337,0.9998672,0.9948107,0.2443245,0.9999862,0.99908304,0.9999858,0.99993086,0.9999999,0.94079447,0.9305633233333334,1
853,0.9890225,1,0.99953747,0.9991543,0.99992883,0.991478,0.9984597,0.99660397,0.9704654,0.99883837,0.9989237,1.0,0.9941606,0.9947144033333335,1
854,0.01883121,0,0.53488636,0.045865722,0.3749146,0.00035403718,0.004267361,0.15227963,0.9211354,0.107990205,0.46157736,0.9998149,0.030000823,0.3043264673483334,0
858,0.039320793,0,0.55264485,0.5966929,0.0014218931,0.0018327257,1.3935315e-05,0.0052932515,0.03908662,0.001134298,0.10211516,0.99715805,0.04490005,0.19846787721791662,0
859,0.014906764,0,0.49177355,0.00879056,2.5179925e-05,0.0001174013,5.9580605e-05,0.0016167524,0.0027345717,2.5308093e-05,0.0020064912,1.0,0.00021549771,0.12685597141108335,0
860,0.9176921,0,0.92037684,0.14771897,0.0025828984,0.0025396368,2.2235365e-05,0.0043422827,0.0014385026,0.003001983,0.011976486,0.9963142,0.012599392,0.25171712723874995,0
862,0.14214894,0,0.7748998,0.96569145,0.0017156564,0.01666963,0.36718363,0.21044256,0.959977,0.9038301,0.9677761,0.86561006,0.21185149,0.5323163680333333,1
863,0.012978393,0,0.5385539,0.61596113,0.018595688,0.018108154,4.855862e-06,0.013593481,0.0018074886,0.27323526,0.00024295077,0.32568792,0.19313367,0.16765857426933337,0
864,0.011649415,0,0.94409543,0.11953038,0.0026501466,0.005528413,1.2253758e-05,0.88448286,0.9742131,0.1117011,0.017226776,0.99982697,0.050359312,0.3434396796965,1
867,0.81317186,0,0.99874383,0.99381095,0.003246437,0.2990425,8.399027e-05,0.23623425,0.0058989427,0.2988355,0.43936494,0.99999976,0.06785872,0.42969097333083334,1
868,0.03681544,1,0.99756587,0.8482529,0.011444668,0.06739512,0.5857021,0.2624134,0.64884025,0.911323,0.98909795,0.9999548,0.46647552,0.5687734181666667,1
869,0.0069449726,0,0.7827572,0.023497557,0.034245234,0.016933199,0.0003252488,0.00039719816,0.00016077024,0.0012168249,0.006434657,0.013930733,0.012831309,0.07497290864166667,0
888,0.017968766,0,0.9090098,0.12561905,0.031900205,0.053453382,9.586088e-06,0.19501615,0.07867936,0.002698421,0.0011415367,0.0005488981,0.015232448,0.11927313357399999,0
910,0.0107545,0,0.5851851,0.0016219027,1.2043196e-05,0.00010433116,1.063906e-05,0.081033185,0.003648923,0.009739116,0.0019986976,1.4349898e-06,0.0006221896,0.057894338525483334,0
926,0.0141195925,1,0.8061649,0.55501544,0.010948139,0.020585356,2.3660185e-05,0.80226076,2.7709604e-05,0.0068846704,0.005673735,0.9509415,0.027029397,0.26663957164075,0
927,0.038076796,1,0.27383363,0.5178593,0.7041265,0.034779403,7.804647e-07,0.52247053,0.0013045955,0.0038614536,6.576974e-05,0.8029103,0.0074941907,0.24223193741705837,0
931,0.012396026,0,0.49054042,0.37338722,0.00484689,0.0024289316,2.3806098e-05,0.015484816,0.0006209174,0.033019803,0.000860179,0.42392164,0.04980445,0.11727792492483331,0
932,0.012997616,0,0.98087525,0.98361063,0.011042024,0.0055792267,0.016148802,0.024531655,0.071660295,0.0004291577,0.0060261744,0.07728556,0.020812847,0.1842499364833334,0
933,0.01564171,0,0.80312824,0.08936007,0.00041862944,0.00047492082,2.8737382e-05,0.0017809785,0.00066729356,0.00013802582,0.00029012852,0.34941617,0.0084507875,0.10581630762850001,0
934,0.9998921,1,0.9999857,0.9131375,0.9986405,0.99238914,0.8851596,0.9999161,0.9998276,0.9446486,0.9995579,1.0,0.98745525,0.9767174991666666,1
962,0.0057235267,0,0.6626865,0.079808585,0.0068351,0.0009470897,0.008669017,0.4203309,0.4769672,0.077765875,0.03347977,0.99265057,0.0050480454,0.23090934823333334,0
976,0.49434143,0,0.9999027,0.85551816,0.11842671,0.57288677,2.3273778e-06,0.9961163,0.0006208648,0.92046255,6.359929e-05,0.99935836,0.91051614,0.57235132595565,1
996,0.842828,0,0.9993967,0.021811122,0.0002927534,0.0016113658,0.00025329713,0.18727013,0.0064770905,0.00482914,0.008003391,0.9057624,0.018475473,0.24975090523583332,0
997,0.007863258,0,0.84580463,0.2206837,0.003588051,0.00034935496,0.18504602,0.00065702567,0.0016253826,0.0012356302,0.008854249,0.16202113,0.013395647,0.12092700653583333,0
1024,0.06637826,0,0.2897872,0.7133099,0.0023168176,0.00014661795,5.7591974e-06,0.279294,6.628151e-05,0.0028503635,0.01227774,0.86866623,0.0073096985,0.18686740568811666,0
1025,0.010734908,0,0.26683718,0.00081831374,4.2586587e-05,5.6286157e-05,5.6462685e-08,0.0011883933,1.41955325e-05,0.0002191328,0.00022471057,0.00018328197,0.00046240716,0.023398454356598753,0
1031,0.0063106027,0,0.9777594,0.0028614711,0.0003884018,0.0004241242,0.0005545,0.0011962405,0.0002563811,0.0022721672,0.0001924252,1.4576736e-07,0.00018211447,0.08269983116978,0
1032,0.9231377,0,0.8934688,0.08396254,0.00129294,0.0012311251,9.688527e-05,0.00096493185,0.016048186,0.019356882,0.7961522,0.9999995,0.25863877,0.3328625383516666,1
1037,0.05563921,0,0.75390714,0.017468458,0.0054850513,0.1248145,1.9146491e-05,0.020927493,0.8390107,0.010262376,0.0006746398,0.0036888234,0.8933668,0.22710536149925,0
1038,0.0072579454,0,0.500415,0.02537881,0.008429677,0.00016477014,1.0199972e-06,0.0002489511,0.013721566,0.00022409137,0.00011218199,0.054111727,0.008351608,0.05153477899976667,0
1040,0.021558372,0,0.12599546,0.05496161,0.00592005,0.006669029,4.3585447e-07,0.012292291,0.017705465,0.008050221,2.5318088e-05,0.00179651,0.008000874,0.021914636328539166,0
1043,0.005506604,0,0.5383418,0.003058689,0.0006674757,0.00048778646,0.0002004763,0.0064066947,0.00014777166,0.0005655268,5.7767273e-05,0.0001042013,0.0035271554,0.04658932904941667,0
1044,0.011386872,0,0.9849385,0.077648744,0.06336,0.00930279,0.0018793807,0.017050663,0.0028190129,0.010745599,0.0069434233,0.11222353,0.00691434,0.10876773790833337,0
1045,0.0040226844,0,0.37256333,0.08563394,0.0020032572,0.0007557747,3.908095e-06,0.01604924,0.000114846596,0.00018170703,0.00013372723,0.2543039,0.0078027206,0.06196408632091666,0
1052,0.005959792,0,0.64425534,0.0018277986,0.000702233,0.00020064498,8.265111e-05,0.0020906008,0.008765148,0.014606608,0.001392988,9.618759e-05,0.001278606,0.05677154984,0
1053,0.13027404,1,0.9759009,0.04342273,0.026885355,0.10875632,9.744918e-05,0.9358097,0.12990353,0.043723434,0.19718817,0.30324948,0.18546744,0.25672321234833334,0
1055,0.38147038,0,0.9927806,0.010648275,0.0006346995,0.07202613,0.025589492,0.022552866,0.005362231,0.10983296,8.022804e-05,0.9954341,0.080190286,0.2247168539616667,0
1103,0.30612603,0,0.4929096,0.08075079,0.0006835747,0.00012063653,1.843475e-05,0.54222566,1.95981e-05,0.0010523701,7.54453e-05,0.021093989,0.015846612,0.12174356170666667,0
1107,0.12815736,0,0.9184694,0.20200492,7.316876e-05,0.00018066545,2.8771552e-05,0.19948077,0.0006360202,0.00042032954,0.030004878,0.98745394,0.017452907,0.2070302608751667,0
1115,0.028497983,0,0.9460485,0.12466402,0.0054237475,0.0043607093,0.0024473066,0.00045614262,0.0025525035,0.0019169389,0.006351618,0.9908298,0.012464195,0.1771677887016667,0
1116,0.008315968,0,0.7742182,0.0015091771,0.00010661771,0.0006418288,0.0031590583,0.0046608136,0.0009704286,0.00014711116,0.0006192751,0.8637721,0.0056537185,0.1386478580725,0
1164,0.041269235,0,0.8813587,0.15193473,0.0012506131,0.107684426,0.39255887,0.004435689,0.00087959407,0.0005316262,0.9954081,0.9989172,0.028322682,0.3003792887808333,0
1171,0.019343883,0,0.8914179,0.9261121,0.73420197,0.005436315,0.5120224,0.6192017,0.023802487,0.61602455,0.3498622,0.9999602,0.016859196,0.4761870750833334,1
1172,0.062876105,0,0.9528897,0.78857213,0.08029825,0.09989584,0.00078209274,0.016114967,0.01607784,0.035705313,0.8803751,0.97214997,0.017013125,0.326895869395,0
1181,0.010154874,0,0.9550889,0.013579244,0.00018948836,0.00014810456,8.0607987e-07,0.0012157024,0.0004571915,0.0048666783,0.0001155244,0.0041854866,0.0053725606,0.08294788006665584,0
1182,0.033812992,0,0.99435186,0.012965394,0.024578359,0.0069531724,3.0407148e-06,0.025854832,0.0008784989,0.0017480296,0.003273751,0.0054534343,0.014626058,0.09370828515956665,0
1206,0.017755609,0,0.7759028,0.005198087,0.368175,0.00015545377,5.0554204e-06,0.10329918,0.00090298423,2.6495507e-06,0.0025473093,0.9999987,0.00072879903,0.1895559689417583,0
1207,0.03876245,0,0.9952158,0.22567905,0.06675762,0.0005856817,6.23504e-05,0.2856561,0.14494345,0.22218685,0.008456032,0.9755019,0.11938404,0.25693261034166665,0
1208,0.46804422,0,0.97987694,0.022121198,0.018711954,0.10400131,0.0004330224,0.018411951,0.341567,0.0001986985,3.816628e-05,0.9955776,0.36950842,0.27654087334833327,0
1217,0.009222322,0,0.86693424,0.04459624,0.001317658,0.05199658,0.00014229392,0.007861762,0.080292106,0.00269296,0.08909492,0.09082424,0.05584101,0.1084013609933333,0
1227,0.0056870393,0,0.9805731,0.7355231,0.005918129,0.0012896942,0.00074015575,0.0439529,0.00039976946,0.0002484832,0.81530493,0.0306231,0.025413705,0.2204728421591667,0
1228,0.015253283,0,0.9158817,0.12922387,0.0015658151,0.0005071435,3.5089517e-05,0.0035020122,3.7516475e-05,0.0002252653,0.0037883231,0.016093561,0.01980217,0.09215964576599998,0
1229,0.36317757,0,0.99692696,0.6861284,0.000998972,0.0010380099,0.13921414,0.26010302,0.0065736403,0.001774811,0.55984855,0.9836543,0.055802297,0.3379367225166667,1
1233,0.9981192,1,0.9918018,0.99924624,0.99998546,0.9821634,0.0015583244,0.99945766,0.9999813,0.9993476,0.99853015,0.9999999,0.9971354,0.9139438695333334,1
1242,0.9973085,0,0.9982686,0.6837854,0.9744712,0.56210387,0.025352675,0.5583417,0.7405606,0.20641194,0.25736305,0.67897743,0.255763,0.57822566375,1
1243,0.19099405,0,0.9556283,0.09437731,0.00048582992,0.01311437,0.20873879,0.0037913097,0.0033747884,0.015090648,0.0011882157,0.91091806,0.011496731,0.20076653355999996,0
1244,0.13407476,0,0.7360656,0.26631162,0.006675688,0.016566502,0.5041357,0.043695286,0.00689973,0.28231722,0.16100596,0.9874565,0.005493277,0.2625581535833333,0
1245,0.0072557298,0,0.9808488,0.028087886,0.024585493,0.019631112,0.0073770178,0.055837065,0.24819946,0.05305272,0.75259566,0.9997389,0.009684273,0.2655745097166667,0
1247,0.05481749,0,0.38625592,0.010277761,0.0006114583,0.09392963,0.8110029,0.15447229,0.00038805886,0.0044277897,0.0018892149,0.014319892,0.012470301,0.12873855881333335,0
1250,0.022950612,0,0.84847564,0.07103045,0.11129448,0.0003095032,0.0007566485,0.19653986,0.66425973,0.016244836,0.00078630296,0.00013134028,0.0079003265,0.16172331078666666,0
1251,0.0373702,0,0.6577685,0.02541072,0.4620015,0.09575216,5.3390568e-06,0.0354465,0.49194068,0.009137438,0.0033633262,0.37337884,0.006867331,0.18320354452139997,0
1257,0.05786987,0,0.7744169,0.45301363,0.079524055,0.0007377632,0.7501268,0.8239467,0.98914903,0.021310292,0.7485731,0.014380964,0.09317555,0.40051872118333326,1
1260,0.009131469,0,0.28878295,0.04416685,0.009947571,0.00038921204,0.04841446,0.26343533,0.0020175502,0.0008283569,0.16057956,0.00044567024,0.0028410691,0.06924833737333334,0
1261,0.24847513,0,0.87459874,0.14862081,0.0047575044,0.021374322,0.34094608,0.15266462,0.1967618,0.046333566,0.4050187,0.9985668,0.13217974,0.2975248177,0
1271,0.92825663,0,0.99623716,0.07715685,0.9087519,0.15109088,0.67098314,0.32111293,0.95720065,0.06909382,0.98407346,0.9999949,0.6040019,0.638996185,1
1272,0.033209015,0,0.92707866,0.01289682,0.0019759762,0.0040254802,0.013728743,0.24620432,0.76467043,0.001505037,0.0008559953,0.33832866,0.029891277,0.19786420114166667,0
1274,0.009879058,0,0.21816562,0.4246118,0.00017575863,0.005352027,0.0030479305,0.015624268,0.0032041383,0.09498677,0.06218686,0.426171,0.10352396,0.11391076586916665,0
1278,0.18810613,0,0.99842995,0.79809886,0.17045663,0.0095282085,4.63552e-05,0.004764052,0.014392762,0.48732275,0.018655442,0.9052743,0.068668015,0.3053119545583333,0
1285,0.01672104,0,0.21444379,0.03950419,0.18173131,0.00026091258,0.5113311,0.0006070715,0.017590621,0.0063481694,0.0026646913,0.57115287,0.11595607,0.13985931964833334,0
1296,0.028720787,0,0.7775324,0.025751635,0.00095098413,0.00014116253,8.651037e-05,0.00024642498,0.00058626645,4.1982545e-05,0.034152742,0.80112267,0.0069144163,0.13968733177541667,0
1300,0.0075333635,0,0.11338943,0.3976171,0.08008666,0.006671848,6.8031172e-06,0.016107807,0.004940167,0.00017430302,0.0007165465,0.59020305,0.01637453,0.10281846734476664,0
1341,0.0063849255,0,0.9093354,0.07933449,0.9640539,0.001108463,0.079010695,0.19786224,0.8823589,0.4511901,0.008366224,0.0016363335,0.0051962556,0.29881982721666667,0
1359,0.0052754926,0,0.99783224,0.026499001,0.00014234197,0.0128579615,7.7597426e-05,0.0023557656,0.0001232516,0.0001833879,0.0024973801,0.27462843,0.0043236655,0.11056637626633331,0
1364,0.019547593,0,0.93568426,0.05840671,0.9269678,0.0011166736,0.00019207636,0.49534804,0.00045192905,0.009392759,0.9471458,0.98253524,0.12770103,0.3753741592508333,1
1366,0.08576858,0,0.8908831,0.008128633,0.0012904906,0.003189239,1.085154e-06,0.037861027,0.0041044955,0.001520085,0.00021730705,0.005092836,0.09851629,0.09471443069199999,0
1374,0.6070144,0,0.9255051,0.98618746,0.9822165,0.66928566,0.00028179647,0.7081859,0.009861307,0.008365658,0.024524568,0.5978775,0.072435476,0.46597844378916675,1
1376,0.07572604,0,0.85674554,0.12213201,0.124454364,0.047805283,0.00012425805,0.810534,0.0014349144,0.010851288,0.00018167429,0.09613579,0.0011885348,0.17894280804499996,0
1386,0.015004265,0,0.9129844,0.060133446,0.5299912,0.0037321001,4.9640872e-05,0.065432996,0.004177159,0.03990396,0.0065762564,0.0010774964,0.095282696,0.14452880131433332,0
1396,0.53080755,0,0.99574053,0.32835203,0.49487156,0.82513654,0.12023872,0.5260625,0.025034819,0.12793933,0.20491597,0.13502711,0.038431782,0.3627132034166667,1
1397,0.006569136,0,0.8400007,0.0079142265,0.0020636183,0.009473847,0.00017665264,0.111556984,0.030429062,0.0018561594,0.18529771,0.0029213545,0.00050546625,0.09989707638249999,0
1403,0.19267452,0,0.91120785,0.01900077,0.05351669,0.007292777,1.02621525e-05,0.006163878,0.00203133,0.0013151867,0.011939636,0.8270343,0.034539048,0.17222718732104167,0
1423,0.991029,1,0.7542287,0.99899465,0.9988908,0.99735415,0.00077810837,0.5680998,0.9987627,0.99976355,0.9986343,0.9999999,0.9814423,0.8573314965308333,1
1428,0.23326275,0,0.992943,0.98098975,0.9892047,0.09688491,0.81881905,0.9870635,0.9991873,0.09041802,0.8948863,0.9999989,0.22260438,0.6921885466666667,1
1442,0.039184064,0,0.6510725,0.42808807,0.00555112,0.0013959125,0.00020538842,0.18574533,0.002827595,0.37556425,0.0062274067,0.99946934,0.09232381,0.23230456555166668,0
1443,0.0167085,0,0.47200048,0.87634516,0.0055044326,0.0014567127,0.0010875396,0.15507664,0.053192567,0.028039446,0.88992286,0.9999975,0.040115673,0.2949539592416666,0
1444,1.0,1,0.99995697,0.99999964,0.9999794,0.9994517,0.99989796,0.9999156,0.9999988,0.99998796,0.99999905,1.0,0.999956,0.99992859,1
1445,0.999987,1,0.9999808,0.9999652,0.99850637,0.996327,0.9998579,0.9996138,0.9995241,0.98139703,0.9999932,1.0,0.9997874,0.9979116500000001,1
1446,0.020824006,0,0.91468966,0.7302314,0.047627136,0.010685865,4.1824896e-05,0.007357302,0.025731819,0.09721073,0.0018617779,0.9973278,0.040679485,0.24118906714966667,0
1447,0.07731313,0,0.58409655,0.71111584,0.15231533,0.002701653,0.00054235087,0.37774462,0.00045231028,0.030027838,0.04273352,0.9993098,0.16333346,0.26180720017916664,0
1448,0.0068399957,0,0.6777497,0.018846955,0.00010524846,0.0029709323,0.00011061402,0.049210668,0.0013904102,0.049052984,0.0028890974,0.00024400729,0.029503245,0.06990948811416667,0
1449,0.006299933,0,0.14947708,0.1549425,0.00019446292,0.0012616719,0.000110225286,0.0010016498,5.2950316e-05,0.001059892,0.012370991,0.017322581,0.021914348,0.030500690435166667,0
1486,0.8166006,0,0.9926944,0.9225474,0.9417831,0.6201753,0.8126762,0.25332502,0.9872915,0.80736774,0.990982,0.9998833,0.026104776,0.7642859446666668,1
1487,0.2915491,0,0.8707935,0.08802507,0.27213934,0.0076387827,0.00015873078,0.18922827,0.005519276,0.01500101,0.03894191,0.72238636,0.03592199,0.21144194495666666,0
1490,0.9999931,1,0.9999919,0.9770174,0.9929053,0.9135505,0.991076,0.99960464,0.6614153,0.931293,0.9999877,0.99999976,0.9657529,0.9527156249999998,1
1509,0.064369,0,0.99954754,0.94516516,0.8172323,0.013804964,0.0002717592,0.15885702,0.02007129,0.35708684,0.92184246,1.0,0.15071481,0.45408026193333334,1
1510,0.698904,0,0.9349058,0.9950407,0.33004782,0.93111855,0.029869638,0.94065255,0.22078659,0.7281116,0.7760396,0.016960416,0.5869608,0.5991165053333333,1
1512,0.0042809574,0,0.2804739,0.026516922,0.0018030482,0.021831848,4.8093658e-05,0.000498998,3.818805e-05,0.005021255,0.008784077,0.93112177,0.0038629707,0.10702350233399999,0
1513,0.9999969,1,0.99998724,0.9997874,0.99991786,0.9997428,0.9996823,0.99983776,0.9999708,0.9998293,0.9998684,1.0,0.99995613,0.9998814075000001,1
1514,0.0144074755,0,0.22588551,0.006621938,0.009671231,0.006441953,0.00024315981,0.0728175,0.0073510404,0.0013753093,0.004045437,0.45831382,0.008466456,0.0679700691675,0
1532,0.14467447,0,0.999642,0.99761677,0.772298,0.9970511,0.00037253308,0.9329943,0.25508183,0.9957231,0.48962617,0.9999168,0.29008356,0.6562567194233334,1
1549,0.9914806,0,0.9922019,0.07498968,0.0028289896,0.7755665,0.0013069329,0.9146831,0.19698402,0.15209992,0.9779343,0.038997643,0.33314055,0.45435117795833335,1
1556,0.1446696,0,0.50203466,0.015921386,0.05704209,0.000670063,0.00021447791,0.88291824,0.018622844,0.02313574,0.011917302,0.7543979,0.067165285,0.20655913232583334,0
1558,0.0073209866,0,0.741952,0.21631482,0.0005421759,0.00060664385,2.2233755e-05,0.0009198236,2.1159005e-05,0.021048537,0.00024297093,0.0018685278,0.011431765,0.08352430362,0
1559,0.040224522,0,0.8614369,0.029471962,0.0030240575,0.056466732,3.8081653e-06,0.0137627395,9.749491e-05,0.042876802,0.023721213,0.0014855935,0.01682191,0.09078281121460835,0
1570,0.0421087,0,0.57174087,0.011691935,0.0011532409,0.0042268285,4.1716434e-05,0.014723148,0.052896276,0.0137586435,0.00018887038,0.99937207,0.022505896,0.14453401622616666,0
1571,0.008101555,0,0.5140295,0.028882572,0.004139881,0.000962335,3.2236512e-05,0.054765545,0.045426946,0.00037549587,0.0070884633,0.56025606,0.044773936,0.10573621047349997,0
1576,0.12835674,0,0.93450963,0.11471833,0.0033692403,0.15703015,1.1093061e-05,0.4648955,0.00033781835,0.01780389,0.0009660687,0.98668563,0.008574858,0.23477157903424997,0
1577,0.01606981,0,0.47306037,0.018752879,0.0004613978,0.00095894124,1.4643295e-07,0.1916505,3.33881e-05,0.00010294052,0.0002424914,0.00021001742,0.0022090108,0.05864599105941251,0
1598,0.013289573,0,0.99365693,0.009504679,0.00062953355,0.00029042823,1.643055e-05,0.86160713,0.0003276346,9.011184e-06,0.000115573865,1.0,0.0041553616,0.24030019046491666,0
1606,0.02490575,0,0.91655475,0.0638094,0.12325656,0.016825275,0.00026964082,0.03823114,0.0019225149,0.013527394,0.00523452,0.06074984,0.038283136,0.10863082672666663,0
1626,0.104151085,1,0.9717076,0.9578113,0.037429124,0.017567426,2.4348352e-05,0.25464508,0.95373815,0.91775167,0.038978375,0.9999987,0.2845328,0.4615279715293333,1
1628,0.37440816,1,0.9846257,0.28749755,0.253426,0.0017361225,1.990332e-05,0.31746098,0.0022784662,0.718273,0.013212896,0.9728636,0.21586248,0.34513873816833335,1
1629,0.5305034,0,0.9945807,0.7230422,0.9992755,0.17275502,0.0012084462,0.8839615,0.008542569,0.9507233,0.13587223,0.003634748,0.2110749,0.4679312094333334,1
1633,0.12289476,0,0.99429804,0.22690624,0.18324964,0.33334813,0.000248906,0.06006771,0.13566709,0.0055690827,0.020729825,0.9982126,0.018468613,0.25830505305833334,0
1634,0.004094713,0,0.16095228,0.5647176,0.006849017,0.0006549396,0.03956218,0.020043297,0.00055810984,0.0059957244,0.004275055,0.98158455,0.0052000633,0.14954062742833332,0
1645,0.88579315,1,0.9333579,0.8694525,0.15149379,0.013407279,0.998072,0.460701,0.37308934,0.35386404,0.6768274,0.9999999,0.2654576,0.5817929915833333,1
1646,0.42026678,0,0.98480135,0.09627238,0.00072652835,0.03997387,0.1490317,0.47106168,0.0010460559,0.023882443,0.028483653,0.9040068,0.031392448,0.26257880735416667,0
1647,0.005995,0,0.6828185,0.02139823,4.531902e-05,0.000101117796,3.888841e-07,0.010214457,1.313367e-05,0.0001490906,0.0004126474,0.00060312107,0.005233248,0.06058202112000834,0
1656,0.3864943,1,0.9543325,0.0887706,0.3911749,0.05239894,0.0015446579,0.20176019,0.046627037,0.020566566,0.77968216,0.99135137,0.01644637,0.32759579924166665,1
1657,0.009566676,0,0.29976022,0.034303162,0.0018531256,0.00014606286,0.00040909668,0.0029093605,0.00020545108,2.2599821e-05,0.0003201032,0.5782304,0.001561753,0.07744066756175001,0
1659,0.020639494,0,0.96904314,0.3399856,0.005139216,0.13551818,2.0821039e-05,0.009278077,0.0026937218,0.007658533,0.0291543,0.9940585,0.035841424,0.2124192505699167,0
1660,0.18303393,0,0.9948802,0.013317313,6.174144e-05,0.1410524,8.780527e-06,0.0065512643,0.034566477,0.0005720205,0.010288744,0.9988248,0.65665215,0.25331748506391666,0
1661,0.01633072,0,0.5519447,0.019627482,0.0004894356,1.5991276e-05,0.0002600803,0.00030585474,0.0026212393,0.00012336046,0.02892006,0.69621533,0.0037116548,0.11004715903966668,0
1667,0.0065638074,0,0.8696548,0.46572992,0.0007256741,0.0002754915,0.37311643,0.00268147,0.00017900456,0.0010732531,0.0044891452,0.9927126,0.027696833,0.2287415357383333,0
1669,0.0070211436,0,0.7976807,0.007219884,0.0042251227,0.00012389095,6.192632e-07,0.00022975412,0.00042108327,0.0010629051,0.0121424105,0.00066362676,0.025799554,0.07138255785526666,0
1675,0.010413954,0,0.20282555,0.007251712,0.0028059846,0.00029133726,2.0776372e-06,0.06891004,0.005900056,0.004463409,0.0002844995,0.0030225744,0.0019406584,0.025675987733099995,0
1703,0.015437426,0,0.32043687,0.0126468185,0.0012641582,0.00018123655,5.2404216e-06,0.30538997,1.45955e-05,0.097817004,0.0006105269,0.99080175,0.0006079177,0.14543445948096667,0
1704,0.005710129,0,0.19309019,0.01959986,0.026547207,0.0010464166,2.2498479e-07,0.024692463,0.00039770245,0.0032834448,0.000120614895,0.0027710672,0.014916583,0.024347991910815825,0
1711,0.31793565,1,0.9349355,0.059506774,0.49294433,0.0670812,0.33167997,0.25393295,0.09009849,0.6700771,0.9411829,0.58857465,0.046232272,0.39951514883333333,1
1712,0.010231373,0,0.9210633,0.097258925,0.0003305108,0.0024279938,5.552741e-05,0.78894717,0.24212027,0.0020415247,0.0020390647,0.0067142257,0.0122057125,0.17378629980083338,0
1713,0.05889341,0,0.315879,0.016487371,0.039278883,0.08796654,2.1876664e-05,0.41758448,0.009308337,0.26667947,0.0003450339,0.762019,0.22694185,0.18345043763033334,0
1721,0.5059122,0,0.99672276,0.040160146,0.06041465,0.17892934,0.062757045,0.49654308,0.9987872,0.054152627,0.04671929,0.94287735,0.007999785,0.3659979560833333,1
1722,0.9942893,0,0.9690757,0.9985607,0.9938216,0.06172743,0.95146376,0.25049376,0.9998946,0.40580332,0.9770095,1.0,0.9225274,0.7937222558333334,1
1723,0.0150476955,0,0.99849474,0.4383213,0.21801308,0.14812073,0.0027791485,0.0056792004,0.81553525,0.49781194,0.92390376,0.99999976,0.8968092,0.49670965036666664,1
1724,0.121631265,0,0.9956273,0.06901437,0.0017288241,0.001134271,0.007122953,0.66177255,0.0006858942,0.0008797788,0.85080016,0.17956059,0.0047173705,0.24122294388333332,0
1725,0.022041362,0,0.9953701,0.06904624,0.7287881,0.011994257,0.76148164,0.59411293,0.030942509,0.00018384242,0.02844584,0.98245114,0.060978238,0.3571530165349999,1
1740,0.019839905,0,0.21327789,0.5581228,0.40552956,0.0023439617,0.0039996114,0.22012553,0.003099426,0.004568539,0.0006750871,0.032528013,0.010998177,0.12292570835000004,0
1746,0.0062031145,0,0.16155806,0.03621756,0.0032777335,0.0007013956,9.156566e-05,0.0040154695,0.00018984282,0.0030803327,0.0008762008,0.0009129133,0.004717617,0.018486817115,0
1748,1.0,1,1.0,0.9999924,0.99998105,0.9999207,0.9999994,0.99996054,1.0,1.0,0.99998343,1.0,0.99997866,0.9999846816666667,1
1749,1.0,1,0.9999776,0.9964244,0.99998415,0.99999774,0.99997354,0.9999789,0.9999999,1.0,0.9999932,1.0,0.999818,0.9996789525,1
1750,0.008678902,0,0.20576967,0.0033483892,0.0030150798,0.000113546535,8.518435e-08,0.003849548,0.00012242697,0.002137444,9.7632794e-05,0.008642772,0.013256661,0.02075267979027916,0
1757,0.007751036,0,0.9740009,0.1875312,0.07536706,0.6541374,0.0006816581,0.010108527,0.008520515,0.2956413,0.003865662,0.97130495,0.014323979,0.2669361822583333,0
1766,0.018077314,0,0.8851369,0.014494546,0.00044803237,0.021335816,6.781959e-05,0.47341692,0.00015898678,0.0021532222,0.0045472337,0.0009021995,0.012958879,0.11947482242833335,0
1767,0.013069093,0,0.77204496,0.024875717,0.0003291229,0.0011554175,0.0012479883,1.7572487e-05,7.389405e-07,0.00042146497,0.00082798925,0.015900392,0.0007504978,0.06922007951229167,0
1772,0.26065725,0,0.9931189,0.017725578,0.00054915715,0.03344276,0.0001250572,0.081267536,0.002101246,0.002493546,0.00082628516,0.6564992,0.005852629,0.17122159537583334,0
1776,0.016906383,0,0.97723615,0.11163898,0.0023724833,0.00810096,2.6441037e-06,0.20249219,0.02390737,0.0011977343,0.0032886392,0.0005785622,0.027592406,0.11460954184197501,0
